{
    "data":{
      "MedInc":8.3252,
      "HouseAge":5,
      "AveRooms": 6.984127,
      "AveBedrms":1.023810,
      "Population":322.0,
      "AveOccup":2.555556,
      "Latitude":37.88,
      "Longitude":-122.23
    }
}